423_CC_GRW_HUN_F 423_CC_GRW_HUN_F -0.103189 0.0455423 -0.0626505 0.00156185 0.217408 -0.183234 -0.294816 0.170537 0.0119243 -0.00642409 -0.427715 0.0973749 0.434629 0.499854 -0.167256 0.163081 0.206754 -0.069572 -0.0510449 -0.224466
419_CC_GRW_HUN_F 419_CC_GRW_HUN_F -0.0958435 -0.0632523 -0.0146542 -0.0696097 0.25333 0.153505 -0.186472 0.143867 0.0228058 0.16681 0.114605 -0.0415421 -0.650718 0.104217 -0.538862 0.00145108 0.118261 -0.0797833 0.00735522 -0.224194
427_CC_GRW_HUN_F 427_CC_GRW_HUN_F -0.11919 -0.270257 -0.0851551 -0.0658156 -0.0205333 -0.191926 0.440838 0.174143 0.176476 -0.654933 -0.0775046 0.293697 -0.140736 -0.0325679 -0.0586454 -0.0464903 0.0981064 -0.0298298 0.016958 -0.222788
420_CC_GRW_HUN_F 420_CC_GRW_HUN_F -0.123527 -0.189487 -0.217265 -0.469002 -0.115405 -0.239899 0.0018594 -0.288754 -0.671204 0.105922 -0.0158854 0.0700906 -0.0496173 -0.0377797 0.046046 0.0541124 0.00526112 0.0435951 -0.0050938 -0.222767
418_CC_GRW_HUN_F 418_CC_GRW_HUN_F -0.0716427 -0.219696 -0.096756 0.0267257 -0.507114 -0.452909 -0.133694 -0.0502973 0.469905 0.316111 0.259278 -0.0483887 -0.00651635 0.0797824 0.0147041 0.0223354 0.0803447 -0.00663771 0.00862541 -0.223227
422_CC_GRW_HUN_F 422_CC_GRW_HUN_F -0.0107259 0.123362 -0.291355 -0.496215 -0.248155 0.634529 -0.0136475 0.111028 0.245437 -0.0121382 0.0282277 -0.0041082 0.17372 -0.0407282 0.080794 0.0986056 0.100852 -0.0810616 0.0334706 -0.222887
429_CC_GRW_HUN_F 429_CC_GRW_HUN_F -0.0123766 0.206475 0.835237 -0.248149 -0.189434 0.0171348 0.11019 -0.159884 -0.0252098 -0.10608 0.0948096 -0.0706017 0.054311 0.142864 -0.108862 0.0430332 0.0951894 -0.0107086 -0.0443706 -0.223749
421_CC_GRW_HUN_F 421_CC_GRW_HUN_F 0.664234 -0.0919763 -0.0188941 -0.012548 0.0116633 -0.0108514 -0.0256874 0.0479699 0.0122182 0.00473572 -0.085636 0.0210665 -0.0842522 -0.04743 0.0518591 0.0562798 0.00319373 0.176787 -0.665262 -0.22274
424_CC_GRW_HUN_F 424_CC_GRW_HUN_F -0.0916729 -0.0877468 0.0454736 0.394609 -0.393745 0.199529 -0.568652 0.0263189 -0.252744 -0.393424 -0.023135 -0.013098 -0.0227939 -0.163808 -0.00102648 -0.0955602 -0.0298498 -0.0240309 -0.00467972 -0.223302
417_CC_GRW_HUN_F 417_CC_GRW_HUN_F -0.120101 0.502772 -0.0472948 0.150066 -0.0424703 -0.170421 0.0792644 0.015031 0.0266326 0.0606353 -0.324856 -0.062969 -0.323153 -0.288581 0.285684 0.450148 0.137286 -0.124343 0.014469 -0.224339
428_CC_GRW_HUN_F 428_CC_GRW_HUN_F 0.645916 -0.0196599 0.0144635 0.00177773 0.0341077 -0.0751006 -0.034611 0.0217179 -0.0419001 -0.00646328 -0.045626 0.00978272 -0.00012168 -0.014167 -0.00164622 -0.0171712 0.0327556 -0.0456742 0.71898 -0.221711
430_CC_GRW_HUN_F 430_CC_GRW_HUN_F -0.0236286 -0.191809 0.00129767 0.394714 -0.18267 0.272737 0.419171 -0.0292681 -0.151333 0.255217 -0.030859 0.141446 0.120249 0.147651 -0.222897 0.364364 -0.372266 -0.0777523 0.0170352 -0.223421
426_CC_GRW_HUN_F 426_CC_GRW_HUN_F -0.0679777 -0.18435 -0.0745573 -0.00554139 0.170032 -0.0447271 0.118874 -0.0154671 0.0359075 -0.170701 -0.0415812 -0.887188 0.118496 -0.0477248 -0.0261376 0.0337599 -0.151484 0.00309707 -0.00115666 -0.22397
414_CC_GRW_HUN_F 414_CC_GRW_HUN_F -0.0888249 -0.00550636 0.0457709 0.0876876 0.324799 -0.0527996 -0.0413624 0.153917 -0.0491168 0.0543471 0.46363 0.132047 0.373293 -0.489883 -0.132612 0.235497 0.237789 0.226751 0.00621612 -0.224678
412_CC_GRW_HUN_F 412_CC_GRW_HUN_F 0.0854451 0.39729 -0.207585 0.113057 0.085087 -0.112636 0.100367 -0.164881 -0.0683963 -0.0601619 0.312159 0.0348499 0.141729 0.039682 -0.098915 -0.347429 -0.0789542 -0.615304 -0.165638 -0.224554
410_CC_GRW_HUN_F 410_CC_GRW_HUN_F -0.121148 0.0191978 0.166623 -0.204658 0.074214 -0.112745 -0.105345 0.249136 0.13612 0.202287 -0.323461 0.150279 0.0731749 -0.370924 -0.0594744 -0.324606 -0.578937 -0.00205584 0.00778104 -0.224017
411_CC_GRW_HUN_F 411_CC_GRW_HUN_F -0.101122 -0.174039 0.0941483 0.220064 0.000222027 0.180202 0.257893 0.101556 -0.115795 0.339562 -0.210121 -0.0528001 0.0143581 -0.0517463 0.230523 -0.507522 0.503663 0.00295069 -0.00874534 -0.223347
413_CC_GRW_HUN_F 413_CC_GRW_HUN_F -0.0802823 -0.197115 0.0330791 0.0687788 0.356414 0.166542 -0.14837 -0.735393 0.315069 -0.0355399 -0.0910238 0.176943 -0.0387372 -0.0282247 0.187814 0.0150699 -0.0501915 0.0184223 0.0261682 -0.223212
416_CC_GRW_HUN_F 416_CC_GRW_HUN_F -0.0880928 -0.0626132 0.095699 -0.00304271 0.225713 0.0314581 -0.0888038 0.338355 -0.0834983 -0.000155541 0.359385 0.056212 -0.15507 0.370364 0.626288 0.0549202 -0.241195 -0.00702007 0.0221169 -0.22444
415_CC_GRW_HUN_F 415_CC_GRW_HUN_F -0.0676749 0.455479 -0.216881 0.112188 -0.0595852 -0.00663545 0.114613 -0.112966 0.00639118 -0.0615887 0.0622484 -0.00116758 -0.0336766 0.227889 -0.106141 -0.254469 -0.115156 0.702442 0.0710525 -0.224301
